#Energy eigen values of the first 3 eigenstates as beta increases
E =

   1.0e-16 *

    0.0125    0.0497    0.1115
    0.0132    0.0530    0.1190
    0.0137    0.0547    0.1230
    0.0139    0.0557    0.1254
    0.0141    0.0565    0.1270
    0.0142    0.0570    0.1282
    0.0143    0.0574    0.1291
    0.0144    0.0577    0.1298
    0.0145    0.0579    0.1304
    0.0145    0.0581    0.1309
    0.0145    0.0583    0.1312
    0.0146    0.0584    0.1316
    0.0146    0.0586    0.1318
    0.0146    0.0587    0.1321
    0.0146    0.0588    0.1323
    0.0147    0.0588    0.1325
    0.0147    0.0589    0.1326
    0.0147    0.0590    0.1328
    0.0147    0.0590    0.1329

#
Energy_of_Infinite_Well =

   1.0e-16 *

    0.0603    0.2412    0.5428