#Printing the value of the Function for x 
y =

    0.0001
    0.0116
    0.0403
    0.0833
    0.1381
    0.2025
    0.2741
    0.3511
    0.4318
    0.5144
    0.5977
    0.6804
    0.7614
    0.8397
    0.9147
    0.9856
    1.0518
    1.1131
    1.1690
    1.2194
    1.2640
    1.3029
    1.3361
    1.3636
    1.3855
    1.4021
    1.4134
    1.4197
    1.4214
    1.4186
    1.4117
    1.4008
    1.3865
    1.3689
    1.3483
    1.3251
    1.2995
    1.2719
    1.2424
    1.2114
    1.1791
    1.1457
    1.1115
    1.0766
    1.0413
    1.0057
    0.9700
    0.9343
    0.8989
    0.8637
    0.8289
    0.7946
    0.7609
    0.7279
    0.6956
    0.6641
    0.6334
    0.6036
    0.5746
    0.5466
    0.5195
    0.4934
    0.4682
    0.4440
    0.4207
    0.3983
    0.3769
    0.3563
    0.3367
    0.3180
    0.3001
    0.2830
    0.2668
    0.2514
    0.2367
    0.2227
    0.2095
    0.1969
    0.1850
    0.1738
    0.1631
    0.1531
    0.1435
    0.1346
    0.1261
    0.1181
    0.1106
    0.1035
    0.0968
    0.0905
    0.0846
    0.0791
    0.0739
    0.0690
    0.0644
    0.0601
    0.0560
    0.0523
    0.0487
    0.0454
 
#Coefficients of the polynomial equation that best fits the points
c =

   -0.0099
    0.0999
    0.8298
   -0.4288
    0.0871
   -0.0086
    0.0004
   -0.0000
   -0.0000

#Polynomial equation that best fits the points 
p =
 
- (2850390319478101*x^8)/288230376151711744 + (7199892061137807*x^7)/72057594037927936 + (467119630082837*x^6)/562949953421312 - (3862630846695399*x^5)/9007199254740992 + (6277004766112319*x^4)/72057594037927936 - (1232372885564765*x^3)/144115188075855872 + (3348386832231643*x^2)/9223372036854775808 - (2273881070702501*x)/4722366482869645213696 - 5530983931935959/18889465931478580854784