x =

  Columns 1 through 13

         0    0.2571    0.5143    0.7714    1.0286    1.2857    1.5429    1.8000    2.0571    2.3143    2.5714    2.8286    3.0857

  Columns 14 through 26

    3.3429    3.6000    3.8571    4.1143    4.3714    4.6286    4.8857    5.1429    5.4000    5.6571    5.9143    6.1714    6.4286

  Columns 27 through 36

    6.6857    6.9429    7.2000    7.4571    7.7143    7.9714    8.2286    8.4857    8.7429    9.0000


y1 =

  Columns 1 through 13

         0    0.0329    0.1297    0.2848    0.4893    0.7309    0.9948    1.2643    1.5216    1.7490    1.9295    2.0482    2.0929

  Columns 14 through 26

    2.0551    1.9307    1.7200    1.4285    1.0662    0.6477    0.1913   -0.2818   -0.7484   -1.1849   -1.5682   -1.8774   -2.0946

  Columns 27 through 36

   -2.2066   -2.2054   -2.0890   -1.8618   -1.5347   -1.1247   -0.6541   -0.1495    0.3592    0.8408


y2 =

  Columns 1 through 13

         0    0.2543    0.4943    0.7058    0.8758    0.9930    1.0483    1.0362    0.9543    0.8044    0.5920    0.3262    0.0198

  Columns 14 through 26

   -0.3117   -0.6507   -0.9785   -1.2762   -1.5257   -1.7110   -1.8188   -1.8399   -1.7692   -1.6069   -1.3581   -1.0332   -0.6472

  Columns 27 through 36

   -0.2192    0.2286    0.6718    1.0853    1.4445    1.7269    1.9134    1.9893    1.9456    1.7798


y3 =

  Columns 1 through 13

         0    0.0028    0.0200    0.0656    0.1527    0.2928    0.4945    0.7638    1.1028    1.5099    1.9795    2.5024    3.0659

  Columns 14 through 26

    3.6545    4.2507    4.8356    5.3905    5.8972    6.3396    6.7046    6.9827    7.1692    7.2640    7.2724    7.2047    7.0758

  Columns 27 through 36

    6.9049    6.7142    6.5282    6.3719    6.2698    6.2445    6.3152    6.4965    6.7973    7.2202


y4 =

  Columns 1 through 13

         0    0.0329    0.1202    0.2593    0.4447    0.6678    0.9177    1.1816    1.4452    1.6936    1.9122    2.0875    2.2077

  Columns 14 through 26

    2.2637    2.2496    2.1632    2.0063    1.7847    1.5081    1.1897    0.8455    0.4940    0.1545   -0.1533   -0.4109   -0.6015

  Columns 27 through 36

   -0.7115   -0.7314   -0.6561   -0.4858   -0.2261    0.1124    0.5138    0.9584    1.4229    1.8821